500 0.0003549999999999977
1000 0.0007230000000000014
1500 0.0011369999999999991
2000 0.0014969999999999983
2500 0.0019470000000000008
3000 0.002339000000000001
3500 0.0026639999999999997
4000 0.0029529999999999973
4500 0.0033150000000000054
5000 0.003817000000000001
5500 0.0042200000000000015
6000 0.004906999999999995
6500 0.004963999999999996
7000 0.00562
7500 0.005983000000000002
8000 0.0065790000000000015
8500 0.007203000000000001
9000 0.007095999999999991
9500 0.008055000000000007
10000 0.008508000000000002
10500 0.008901000000000006
11000 0.009461000000000025
11500 0.009965000000000002
12000 0.01033199999999998
12500 0.010769
13000 0.011356000000000005
13500 0.011901999999999996
14000 0.012291999999999997
14500 0.01275699999999999
15000 0.01335
15500 0.013635000000000008
16000 0.014048000000000005
16500 0.014764
17000 0.015210000000000001
17500 0.015718999999999983
18000 0.016131000000000006
18500 0.016807000000000016
19000 0.017469999999999986
19500 0.017867999999999995
20000 0.018279999999999963
20500 0.01876599999999995
21000 0.01927000000000001
21500 0.019638999999999962
22000 0.020338999999999996
22500 0.020643999999999996
23000 0.021282000000000023
23500 0.021796999999999955
24000 0.02245700000000006
24500 0.022752999999999912
25000 0.02333800000000008
25500 0.02431899999999998
26000 0.024313999999999947
26500 0.024851000000000067
27000 0.025005999999999973
27500 0.025769000000000042
28000 0.026046000000000014
28500 0.02654499999999993
29000 0.027139000000000024
29500 0.027635999999999994
30000 0.028196
30500 0.02878499999999995
31000 0.02937400000000001
31500 0.030054999999999943
32000 0.029959999999999987
32500 0.030519000000000185
33000 0.03091299999999997
33500 0.031762999999999986
34000 0.032612000000000085
34500 0.03309799999999985
35000 0.0336780000000001
35500 0.03403500000000004
36000 0.034996999999999945
36500 0.03545899999999991
37000 0.03548499999999999
37500 0.03646600000000011
38000 0.036799999999999944
38500 0.037264000000000186
39000 0.03835299999999986
39500 0.039104999999999945
40000 0.03929000000000005
40500 0.04017399999999993
41000 0.039798
41500 0.04063799999999995
42000 0.041271999999999975
42500 0.04220200000000007
43000 0.042223000000000344
43500 0.04312300000000002
44000 0.04345900000000036
44500 0.04378599999999988
45000 0.04452699999999998
45500 0.04474199999999984
46000 0.04459999999999997
46500 0.046243000000000034
47000 0.046469000000000094
47500 0.04724100000000009
48000 0.04802200000000001
48500 0.04828299999999963
49000 0.04846899999999987
49500 0.04866999999999999
