500 0.0002040000000000028
1000 0.000448999999999998
1500 0.0006889999999999986
2000 0.001006
2500 0.0012020000000000017
3000 0.0014270000000000012
3500 0.0017409999999999995
4000 0.0019780000000000006
4500 0.002255
5000 0.0023950000000000013
5500 0.0027830000000000008
6000 0.003034000000000002
6500 0.0034310000000000035
7000 0.003601
7500 0.0037900000000000017
8000 0.004161999999999992
8500 0.004567000000000002
9000 0.004829
9500 0.005261000000000002
10000 0.005275999999999989
10500 0.005694999999999992
11000 0.005911
11500 0.006111000000000005
12000 0.006443000000000004
12500 0.007331000000000004
13000 0.0071109999999999784
13500 0.007855000000000001
14000 0.007793999999999995
14500 0.007768999999999998
15000 0.008136000000000004
15500 0.009125999999999995
16000 0.00899899999999998
16500 0.00900999999999999
17000 0.009497000000000005
17500 0.00992599999999999
18000 0.010592999999999991
18500 0.010550000000000004
19000 0.011124999999999996
19500 0.011073
20000 0.01152599999999998
20500 0.011878
21000 0.012795999999999974
21500 0.011814999999999964
22000 0.012749999999999984
22500 0.013037999999999994
23000 0.013141999999999987
23500 0.013386999999999982
24000 0.013718999999999981
24500 0.013639999999999985
25000 0.014198000000000044
25500 0.01513399999999998
26000 0.015190999999999955
26500 0.015043000000000029
27000 0.016145999999999994
27500 0.016677000000000053
28000 0.016554999999999986
28500 0.01699099999999998
29000 0.016769000000000034
29500 0.017931999999999948
30000 0.017398999999999942
30500 0.01822199999999996
31000 0.019054000000000015
31500 0.01869300000000007
32000 0.019994999999999985
32500 0.019258999999999915
33000 0.019927999999999946
33500 0.020127000000000006
34000 0.02052900000000002
34500 0.021477999999999997
35000 0.02062699999999995
35500 0.021136000000000044
36000 0.02122500000000005
36500 0.020926999999999918
37000 0.022340000000000027
37500 0.022864000000000217
38000 0.022287999999999863
38500 0.02375499999999997
39000 0.023506000000000027
39500 0.02461599999999997
40000 0.024919000000000135
40500 0.0237630000000002
41000 0.025139000000000022
41500 0.026223000000000107
42000 0.025689000000000073
42500 0.02624700000000013
43000 0.02634499999999984
43500 0.026176999999999895
44000 0.027839999999999865
44500 0.026952000000000087
45000 0.028463999999999823
45500 0.028583999999999943
46000 0.02875800000000006
46500 0.02837299999999998
47000 0.029714999999999936
47500 0.028523000000000076
48000 0.029490000000000016
48500 0.02936799999999984
49000 0.031123000000000012
49500 0.03215799999999991
